camera_matrix:
- - 4234.239542418823
  - 0.0
  - 457.3623269868523
- - 0.0
  - 4226.831954839671
  - 424.9864411934081
- - 0.0
  - 0.0
  - 1.0
dist_coeff:
- - -0.2869303138006338
  - -103.65740154933364
  - -0.02165249229318572
  - 0.0074391920793538124
  - 1247.4269649607568
rvecs:
- - - -2.2252616731290504
  - - -2.2276242244028945
  - - -0.09696596991207093
- - - 2.209194738412218
  - - 2.2098606659709144
  - - 0.13652513932395574
- - - 2.2097249711776774
  - - 2.213098823847116
  - - 0.12185608952702578
- - - -2.217713314919083
  - - -2.2190234212070403
  - - -0.11662605293976529
- - - -2.1037276865394876
  - - -2.114339151784688
  - - 0.2967005519957771
- - - 2.219394016560005
  - - 2.2194995255248253
  - - 0.13415209393138763
- - - 2.2146125927341234
  - - 2.216361052098647
  - - 0.13237549301198442
- - - 2.2112878188445184
  - - 2.216276088623327
  - - 0.12562634640011458
- - - 2.2328998159057316
  - - 2.234067486053277
  - - 0.07833100316463666
- - - 2.2131966027195094
  - - 2.216609262012376
  - - 0.12895153482655966
- - - 2.228240884142965
  - - 2.2294502600494717
  - - 0.11159299792653804
- - - 2.2395828536217866
  - - 2.241322637956132
  - - 0.06426765811120898
- - - 2.2038305707535972
  - - 2.207535264896452
  - - 0.1456687605726225
- - - 2.206215787636542
  - - 2.2070610609668417
  - - 0.1644424998972615
- - - 2.1769997692765863
  - - 2.1864490447409914
  - - 0.1747027531141923
- - - 2.2224956006801198
  - - 2.2269354916035042
  - - 0.13269893982783237
- - - -2.21814739480885
  - - -2.2215436423809947
  - - -0.10080008053220639
- - - -2.2131216020022086
  - - -2.213699857958478
  - - -0.13007938993058263
- - - 2.0988807901087716
  - - 2.1137878012790443
  - - 0.192331254713705
- - - 2.209950998293605
  - - 2.213060675336856
  - - 0.11397638211688182
- - - -2.206284748328488
  - - -2.207426096554559
  - - -0.1118036086616496
- - - 2.2260944034431085
  - - 2.2298513271816174
  - - 0.09454917045481562
- - - 2.21633811258365
  - - 2.2194650618506615
  - - 0.07873750707709211
- - - 2.226577707051733
  - - 2.228578413997043
  - - 0.15633954454385385
- - - 2.2311136680354444
  - - 2.2328771843965
  - - 0.11403498079437886
- - - 2.2222056398690473
  - - 2.2236689825923524
  - - 0.13357856347423855
- - - 2.211571679267994
  - - 2.214671980788517
  - - 0.13266802271287917
- - - -2.205132364822896
  - - -2.2022162182404625
  - - -0.05796679954648501
tvecs:
- - - -7.252758721961802
  - - -8.42501878072515
  - - 115.48593429824766
- - - -7.933038663635393
  - - -10.810883977217731
  - - 114.78951231777975
- - - -6.836906398933017
  - - -10.524556025732377
  - - 114.9741119228759
- - - -7.420707276851497
  - - -9.077930460621438
  - - 115.30179635750152
- - - -9.61656926432
  - - -11.333303329820387
  - - 119.5547576454845
- - - -9.026883629170614
  - - -10.133040433892772
  - - 114.99908968113873
- - - -6.245900487140485
  - - -9.584438604444918
  - - 114.9313444665165
- - - -9.08929619032696
  - - -10.499198111746235
  - - 115.00896128616534
- - - -5.425765065186812
  - - -8.43663585460614
  - - 115.73374035264489
- - - -6.920712863300708
  - - -11.346071329525147
  - - 114.83743979084173
- - - -6.001734668153601
  - - -8.58868832447213
  - - 115.34311615481612
- - - -5.368949140939186
  - - -8.434104954880466
  - - 115.86143539639349
- - - -9.658908984832854
  - - -10.140229128047684
  - - 114.67873967365469
- - - -9.510773642777133
  - - -11.118560142669892
  - - 114.40865174775234
- - - -5.305591728560864
  - - -11.747589646931829
  - - 114.17988064014054
- - - -6.242775390456481
  - - -11.188219246584508
  - - 114.83870453622194
- - - -6.4911676681889645
  - - -8.182342087539247
  - - 115.47181769984724
- - - -9.015906382134604
  - - -8.69157906344344
  - - 115.14323655847338
- - - -9.61166174724996
  - - -12.575742139793759
  - - 114.82517298438196
- - - -7.086723182013207
  - - -10.107598220203915
  - - 115.069522177346
- - - -7.005945344985237
  - - -8.48989149972134
  - - 115.3428042519806
- - - -5.83341302830773
  - - -8.772724413977787
  - - 115.53739701691956
- - - -5.815073963794711
  - - -7.936221380859847
  - - 115.80894942640735
- - - -6.007766237580447
  - - -12.156651281554966
  - - 114.37854299906645
- - - -5.252365479886024
  - - -9.860641917306321
  - - 115.19296003047792
- - - -7.7660918315593594
  - - -10.395926056656858
  - - 114.89890513656954
- - - -9.179130609493116
  - - -11.069800729938517
  - - 114.80510819963469
- - - -6.113985557187393
  - - -7.902378746791283
  - - 116.2579406166251
