camera_matrix:
- - 4234.239542418823
  - 0.0
  - 457.3623269868523
- - 0.0
  - 4226.831954839671
  - 424.9864411934081
- - 0.0
  - 0.0
  - 1.0
dist_coeff:
- - -0.2869303138006338
  - -103.65740154933364
  - -0.02165249229318572
  - 0.0074391920793538124
  - 1247.4269649607568
rvect:
- - -2.155847986374996
- - 2.1687777669492863
- - 0.21945689760333875
tvec:
- - 217.38576389833617
- - 1403.0884118251722
- - 1522.520353968571
