camera_matrix:
- - 4234.239542418823
  - 0.0
  - 457.3623269868523
- - 0.0
  - 4226.831954839671
  - 424.9864411934081
- - 0.0
  - 0.0
  - 1.0
dist_coeff:
- - -0.2869303138006338
  - -103.65740154933364
  - -0.02165249229318572
  - 0.0074391920793538124
  - 1247.4269649607568
rvect:
- - -2.1576957458621266
- - 2.153310875574293
- - -0.255597856404577
tvec:
- - 234.7616568786888
- - 569.5624277327169
- - 1333.5693053157813
