camera_matrix:
- - 4234.239542418823
  - 0.0
  - 457.3623269868523
- - 0.0
  - 4226.831954839671
  - 424.9864411934081
- - 0.0
  - 0.0
  - 1.0
dist_coeff:
- - -0.2869303138006338
  - -103.65740154933364
  - -0.02165249229318572
  - 0.0074391920793538124
  - 1247.4269649607568
rvect:
- - -1.9440497342370655
- - 2.0336295948447085
- - 0.5503547545246815
tvec:
- - 264.0324813640233
- - 898.1646630015299
- - 1643.7488625125068
