camera_matrix:
- - 4234.239542418823
  - 0.0
  - 457.3623269868523
- - 0.0
  - 4226.831954839671
  - 424.9864411934081
- - 0.0
  - 0.0
  - 1.0
dist_coeff:
- - -0.2869303138006338
  - -103.65740154933364
  - -0.02165249229318572
  - 0.0074391920793538124
  - 1247.4269649607568
rvect:
- - -2.0691531923767097
- - 2.073913281117571
- - -0.130604952133253
tvec:
- - -127.85016340091512
- - 1412.9479982498046
- - 1478.0824980773195
